logFC	logCPM	LR	PValue	FDR
AT3G63350	-1.70703524349279	1.57387184794167	26.7539134236736	2.31083267256808e-07	0.00244770591497409
AT3G51680	-1.1681985099134	3.16406117918351	26.3069264328684	2.91242296853229e-07	0.00244770591497409
AT3G14540	-1.58441382658817	1.93913272599105	25.8406147419476	3.70803272129677e-07	0.00244770591497409
AT2G41450	-1.3962260865839	4.90296769121697	25.3907477773147	4.68158096325576e-07	0.00244770591497409
AT5G11140	-1.46618039531081	3.69845305744969	25.2632738471635	5.0014178959316e-07	0.00244770591497409
AT2G36950	-1.16825322542169	7.40129989215986	25.0475890168571	5.59326483979301e-07	0.00244770591497409
AT5G48110	-1.56132617102394	4.85509557321369	23.9769286961795	9.74970284819517e-07	0.00365711353835801
AT3G46613	-2.08647756201087	-1.26618433631238	23.6770630262433	1.13932370682865e-06	0.00373940282127497
AT3G02480	-1.34797119340631	0.940091510092643	22.5564856818535	2.04054471767912e-06	0.0059531758502334
AT2G20605	3.53342346644683	-3.85879355723449	20.8938694631142	4.85445752537871e-06	0.00847444006681227
AT4G25410	-1.35376249739053	2.51853041675046	20.8884593823485	4.86818763239292e-06	0.00847444006681227
AT5G35550	3.35926660246743	-3.991551553853	20.7754781534828	5.16399592752395e-06	0.00847444006681227
AT1G58050	-2.13694858694509	-2.56874740221859	20.4925766873978	5.98629684384705e-06	0.009246011542876
AT3G13280	-1.29032684412097	1.91575037359161	19.9580860752332	7.91584745141163e-06	0.0115470225850953
AT1G16400	1.33405314315922	1.94721153374402	19.4778682696232	1.01772054920846e-05	0.0133611442302832
AT4G21323	-1.15253372847879	2.27183373250956	19.249240938488	1.1471597922305e-05	0.0133878754017333
AT3G24310	-1.38455535231804	2.95203349699279	19.212437040358	1.16948975283495e-05	0.0133878754017333
AT3G17270	-3.65664220970808	-4.08404760305333	19.1017407292867	1.23931799899857e-05	0.0133878754017333
AT1G07657	-1.19593273473771	1.31580308307257	19.048025694922	1.27469583365705e-05	0.0133878754017333
AT1G77885	-1.05963632556843	5.45923968220648	18.6379749572769	1.58040932438377e-05	0.0157097966281322
AT1G23160	-1.4448902599347	2.45587701933544	18.5961862549051	1.61543401363282e-05	0.0157097966281322
AT3G20840	-1.07796574569001	2.46017038307287	18.1832293027125	2.00637843648011e-05	0.0176346083832405
AT1G27670	-1.07087201489548	2.62950889457737	18.1127666704955	2.08200807358211e-05	0.0176346083832405
AT1G04720	-2.78068475730194	-3.98507177919001	17.9280841417052	2.29410800979442e-05	0.0188238731291163
AT4G37840	-2.63186200433096	-3.62993184857281	17.7569571827906	2.50997927120949e-05	0.0199710684012568
AT5G20240	-1.3681116297913	6.51716066342025	17.3142389612995	3.16804073089593e-05	0.0235609594454937
AT5G51470	-1.05149658670262	2.35499240405256	17.2424769812164	3.28997666553141e-05	0.0235609594454937
AT5G65165	-1.09985654834437	1.30901977253839	17.2251674306784	3.3200879745716e-05	0.0235609594454937
AT2G27120	-1.99997783942441	-1.34732719452055	17.0669755456645	3.60843627606374e-05	0.0242337382907744
AT1G44318	-1.21201505875609	2.13504759766013	17.0354394508923	3.66886213302683e-05	0.0242337382907744
AT4G28420	-1.17153179677859	1.02810527674962	17.0236172774389	3.69177564699309e-05	0.0242337382907744
AT1G69530	1.30876849633026	5.81321518182002	16.835116477577	4.07718211635999e-05	0.0248964118207591
AT1G09110	-1.80597899145244	-2.33970052462435	16.6203138962469	4.56593569743219e-05	0.0267413150777071
AT1G65390	-1.06950289335493	8.01942431313111	16.1522682027025	5.8448534412056e-05	0.032033513446013
AT5G07480	-2.90584147476722	-2.7790748968228	16.0977329420623	6.01560059902408e-05	0.032033513446013
AT5G45870	3.00029640603553	-4.01195886895713	16.0917893043892	6.03451041640708e-05	0.032033513446013
AT1G20470	-1.19403386553685	0.645884718671611	16.0623088505282	6.12919051010289e-05	0.032033513446013
AT2G47770	-1.36613749378361	1.28688098749283	16.0338536178188	6.22199484231505e-05	0.032033513446013
AT1G47130	-1.13414648283437	4.89155983782325	15.7150664526205	7.36352984606077e-05	0.0366405703579457
AT2G21820	-1.56122184878013	-0.767119830129532	15.6738328068038	7.52581959439229e-05	0.0366405703579457
AT1G73120	-1.86083315881486	3.58440476304197	15.657757902724	7.59005867628856e-05	0.0366405703579457
AT4G18680	-2.1397577611593	-3.13520630312284	15.5420400476445	8.06906761230447e-05	0.0366405703579457
AT1G02205	-1.00580488798761	1.89300278470526	15.5281565324833	8.12854470964504e-05	0.0366405703579457
AT2G23800	-1.13199077551745	3.59995235330077	15.5182641578444	8.17119264960348e-05	0.0366405703579457
AT5G66660	-1.1972266885415	0.417692907186235	15.4750942809998	8.35995702778616e-05	0.0366405703579457
AT2G47780	-1.33560312135095	0.823090122217793	15.4203582528479	8.60561756907882e-05	0.0366405703579457
AT5G56325	-2.52040765369808	-3.70664020544197	15.4177359941082	8.61756716814552e-05	0.0366405703579457
AT2G24340	-2.35417338173428	-3.70832455155013	15.4102338562063	8.65184660164007e-05	0.0366405703579457
AT3G27140	-2.67425408301069	-4.05801466206149	15.1784594595061	9.78128556242135e-05	0.0395118792326919
AT2G43610	-1.01352109655243	6.92068322994436	15.0291535643778	0.000105863106689943	0.0421158726114822
AT4G37800	1.13745793906081	5.28364141561705	14.9140912685421	0.000112519375644532	0.0434473712690953
AT1G78390	-1.6967035699869	-0.73311631183138	14.8652691667414	0.000115469519896152	0.0439403359987429
AT1G54950	1.68656764163739	-2.74273731884446	14.8311929108712	0.0001175746464392	0.0441022498793438
AT2G05520	1.02841787831542	9.99264182282353	14.742405129319	0.000123242968936364	0.0450147558335466
AT1G74140	1.96474901701245	-3.11463827651492	14.616194357808	0.000131777256257533	0.0464429897435325
AT5G47280	-1.86604961410389	-0.93193684366452	14.6036283169906	0.00013265888070857	0.0464429897435325
AT5G24210	1.63862627556434	6.15757832483521	14.4655288212043	0.000142748079345854	0.0480530297356933
AT4G17470	-1.62323789720426	2.05864461097816	14.3018527152734	0.0001557115476854	0.0499130326866076
